window 0.99991846 838 1910 1148 2159
window 0.9998548 1266 361 1575 620
window 0.9998466 885 738 1198 989
window 0.9998209 1313 1915 1604 2159
window 0.99981564 2570 751 2889 1006
window 0.9997973 2529 380 2835 628
window 0.99979085 1305 1541 1615 1789
window 0.999723 1729 744 2049 1003
window 0.99971133 2123 1129 2413 1381
window 0.99969685 2986 1125 3292 1382
window 0.9996569 1694 413 2001 668
window 0.9996332 2147 1547 2456 1794
window 0.9996215 2573 1170 2877 1424
window 0.99942696 2957 810 3256 1049
window 0.9993395 1310 786 1619 1043
window 0.9991529 1277 1119 1575 1371
window 0.9990883 2542 1508 2836 1752
window 0.99880207 1684 1503 1998 1751
window 0.99775714 2991 416 3305 675
window 0.995357 1890 1939 1984 2097
window 0.99503857 1769 1949 1866 2102
window 0.99164575 1248 2247 1466 2456
window 0.99104124 2148 407 2477 670
window 0.9804571 2539 1929 2819 2164
window 0.9253543 1511 2253 1607 2476
window 0.89009964 1647 2249 1807 2518
window 0.9999571 1262 376 1573 624
window 0.9999529 2535 388 2841 633
window 0.9999378 893 749 1193 989
window 0.9999081 1698 421 1997 668
window 0.9999013 2582 1184 2865 1427
window 0.9998883 1269 1131 1576 1375
window 0.9998665 1737 760 2045 1001
window 0.99986327 851 1919 1145 2164
window 0.9998405 2548 1517 2830 1756
window 0.99981266 2997 1138 3283 1380
window 0.99979013 1736 1902 1987 2121
window 0.99978954 1320 1923 1601 2165
window 0.9997675 1322 801 1615 1045
window 0.99976677 2576 768 2871 1007
window 0.99975926 2123 1139 2413 1385
window 0.9997272 1318 1554 1602 1792
window 0.99970704 2969 814 3254 1049
window 0.9996438 3009 428 3303 669
window 0.9995478 1687 1510 1995 1757
window 0.99944586 2160 425 2460 669
window 0.99944097 2563 1938 2813 2158
window 0.99841 2166 1883 2459 2122
window 0.9973254 2158 1561 2442 1809
