window 0.99991834 2453 834 2738 1077
window 0.9999069 2012 832 2302 1081
window 0.9998933 2801 460 3093 708
window 0.9998803 1312 1908 1615 2156
window 0.99986494 2019 1902 2311 2139
window 0.9998647 1310 1562 1588 1801
window 0.9998448 2452 1192 2734 1435
window 0.99983406 1736 476 2021 723
window 0.9998122 2022 1555 2306 1799
window 0.9997942 1739 1198 2025 1443
window 0.9997546 917 1216 1188 1454
window 0.9997516 1352 1162 1635 1402
window 0.9997316 2823 1141 3090 1385
window 0.99971706 2845 1499 3133 1739
window 0.9997056 1338 803 1630 1049
window 0.999696 2468 1505 2743 1743
window 0.9996798 866 1532 1172 1765
window 0.99965227 2466 1899 2738 2132
window 0.9996068 2452 422 2742 673
window 0.9994814 1294 453 1571 690
door 0.9191221 2184 2222 2317 2490
window 0.99997866 2807 468 3096 712
window 0.9999716 1739 488 2022 726
window 0.99996436 2463 851 2736 1086
window 0.99996233 2017 848 2295 1081
window 0.99995124 1320 1581 1577 1802
window 0.9999467 2828 1156 3085 1385
window 0.9999331 1745 1216 2014 1445
window 0.99993217 927 1228 1181 1451
window 0.99992657 2448 434 2735 677
window 0.99992526 1362 1175 1629 1398
window 0.99990857 1295 457 1568 683
window 0.999907 2453 1209 2724 1442
window 0.99990594 2850 1515 3129 1742
window 0.99989355 2472 1910 2729 2137
window 0.9998882 1351 812 1625 1044
window 0.9998281 2474 1521 2735 1752
window 0.99982446 2026 1568 2299 1801
window 0.9998165 1328 1928 1606 2162
window 0.9997789 2029 1917 2310 2143
window 0.999546 896 1542 1160 1766
window 0.99091023 2192 2225 2315 2486
balcony 0.7889382 3233 1625 3582 2499
window 0.75568396 1728 2227 1875 2502
