window 0.9999566 3232 1580 3461 2087
window 0.999928 2862 1584 3089 2100
window 0.9999255 2864 818 3099 1335
window 0.9999114 3244 818 3480 1334
window 0.99990666 1459 506 1690 936
window 0.9998646 1469 1152 1694 1651
window 0.9998281 2229 508 2457 926
window 0.9998118 2235 1798 2456 2241
window 0.9997689 1852 1150 2073 1652
window 0.9997482 1860 1793 2087 2071
window 0.9997404 3250 224 3482 586
window 0.9996474 1847 506 2072 930
window 0.9995963 2863 219 3090 603
window 0.9995931 2237 1133 2452 1648
window 0.99886334 3786 196 4022 587
window 0.9982407 1482 1799 1707 2077
window 0.99997294 1466 522 1688 935
window 0.9999683 3258 235 3479 585
window 0.9999465 3250 816 3487 1349
window 0.999926 2868 1602 3086 2091
window 0.99992263 2872 827 3097 1337
window 0.99991643 1867 1805 2080 2074
window 0.9999037 2869 226 3099 591
window 0.99989223 3237 1592 3463 2092
window 0.9998907 1474 1160 1691 1636
window 0.999861 1857 1153 2073 1652
window 0.9998388 1495 1809 1700 2087
window 0.99983084 2228 512 2454 948
window 0.99983037 3793 204 4008 571
window 0.99982965 1852 503 2067 943
window 0.99939036 2240 1814 2456 2233
window 0.99931335 2235 1142 2456 1657
window 0.9702185 3789 791 3955 1117
window 0.8600112 622 1784 851 1846
